Login;Name;Balance;Credit;Commissions;Taxes;Storage;Profit;Interest;Tax;Unrealized P/L;Equity
90000;The First;999.70;0.00;0.00;0.00;0.00;0.00;0.00;0.00;0.00;999.70
90001;FXC_Day_0032;31.00;0.00;0.00;0.00;0.00;0.00;0.00;0.00;0.00;31.00
90002;FXC_Day_0033;1000.00;0.00;0.00;0.00;0.00;0.00;0.00;0.00;0.00;1000.00
90003;FXC_Day_0034;31.94;0.00;0.00;0.00;0.00;0.00;0.00;0.00;0.00;31.94
90004;FXC_Day_0035;61.42;0.00;0.00;0.00;28.92;-2370.00;0.00;0.00;0.00;61.42
90005;FXC_Day_0036;480.00;0.00;0.00;0.00;0.00;0.00;0.00;0.00;0.00;480.00
90006;FXC_Day_0037;58.34;0.00;0.00;0.00;25.34;-967.00;0.00;0.00;0.00;58.34
90007;FXC_Day_0038;1081.75;0.00;0.00;0.00;0.00;0.00;0.00;0.00;-90.57;991.18
90008;FXC_Day_0039;208.00;0.00;0.00;0.00;0.00;0.00;0.00;0.00;0.00;208.00
90009;FXC_Day_0040;3576.91;0.00;0.00;0.00;-16.59;2593.50;0.00;0.00;0.00;3576.91
90010;FXC_Day_0041;1000.00;0.00;0.00;0.00;0.00;0.00;0.00;0.00;0.00;1000.00
90011;FXC_Day_0042;1000.00;0.00;0.00;0.00;0.00;0.00;0.00;0.00;0.00;1000.00
90012;FXC_Day_0043;1095.00;0.00;0.00;0.00;0.00;95.00;0.00;0.00;0.00;1095.00
90013;FXC_Day_0044;-50.00;0.00;0.00;0.00;0.00;-1050.00;0.00;0.00;0.00;-50.00
90014;FXC_Day_0045;1000.00;0.00;0.00;0.00;0.00;0.00;0.00;0.00;0.00;1000.00
90015;FXC_Day_0046;989.00;0.00;0.00;0.00;0.00;-11.00;0.00;0.00;0.00;989.00
90016;FXC_Day_0047;3802.76;0.00;0.00;0.00;21.76;2781.00;0.00;0.00;0.00;3802.76
90017;FXC_Day_0048;1000.00;0.00;0.00;0.00;0.00;0.00;0.00;0.00;0.00;1000.00
90018;FXC_Day_0049;1000.00;0.00;0.00;0.00;0.00;0.00;0.00;0.00;17.50;1017.50
90019;FXC_Day_0050;2557.00;0.00;0.00;0.00;0.00;1557.00;0.00;0.00;348.88;2905.88
90020;FXC_Day_0051;1000.00;0.00;0.00;0.00;0.00;0.00;0.00;0.00;-648.39;351.61
90021;FXC_Day_0052;1000.00;0.00;0.00;0.00;0.00;0.00;0.00;0.00;674.44;1674.44
90022;FXC_Day_0053;4216.00;0.00;0.00;0.00;0.00;3216.00;0.00;0.00;0.00;4216.00
90023;FXC_Day_0054;1000.00;0.00;0.00;0.00;0.00;0.00;0.00;0.00;2728.42;3728.42
90024;FXC_Day_0055;0.00;0.00;0.00;0.00;0.00;-1000.00;0.00;0.00;0.00;0.00
90025;FXC_Day_0056;61.00;0.00;0.00;0.00;0.00;-939.00;0.00;0.00;0.00;61.00
90026;FXC_Day_0057;1000.00;0.00;0.00;0.00;0.00;0.00;0.00;0.00;588.47;1588.47
90027;FXC_Day_0058;1000.00;0.00;0.00;0.00;0.00;0.00;0.00;0.00;1622.33;2622.33
90028;FXC_Day_0059;4813.50;0.00;0.00;0.00;0.00;3813.50;0.00;0.00;0.00;4813.50
90029;FXC_Day_0060;28.03;0.00;0.00;0.00;0.00;-971.97;0.00;0.00;0.00;28.03
90030;FXC_Day_0061;1000.00;0.00;0.00;0.00;0.00;0.00;0.00;0.00;0.00;1000.00
90031;FXC_Day_0062;1046.00;0.00;0.00;0.00;0.00;46.00;0.00;0.00;1111.88;2157.88
90032;FXC_Day_0063;1197.50;0.00;0.00;0.00;0.00;197.50;0.00;0.00;0.00;1197.50
90033;FXC_Day_0064;1000.00;0.00;0.00;0.00;0.00;0.00;0.00;0.00;7.26;1007.26
90034;FXC_Day_0065;1000.00;0.00;0.00;0.00;0.00;0.00;0.00;0.00;0.00;1000.00
90035;FXC_Day_0066;84.00;0.00;0.00;0.00;0.00;-916.00;0.00;0.00;0.00;84.00
90036;FXC_Day_0067;2209.47;0.00;0.00;0.00;0.00;1209.47;0.00;0.00;0.00;2209.47
90037;FXC_Day_0068;1000.00;0.00;0.00;0.00;0.00;0.00;0.00;0.00;0.00;1000.00
90038;FXC_Day_0069;1000.00;0.00;0.00;0.00;0.00;0.00;0.00;0.00;0.00;1000.00
90039;FXC_Day_0070;1000.00;0.00;0.00;0.00;0.00;0.00;0.00;0.00;0.00;1000.00
90040;FXC_Day_0071;1000.00;0.00;0.00;0.00;0.00;0.00;0.00;0.00;0.00;1000.00
90041;FXC_Day_0072;1000.00;0.00;0.00;0.00;0.00;0.00;0.00;0.00;0.00;1000.00
90042;FXC_Day_0073;1000.00;0.00;0.00;0.00;0.00;0.00;0.00;0.00;0.00;1000.00
90043;FXC_Day_0074;1000.00;0.00;0.00;0.00;0.00;0.00;0.00;0.00;0.00;1000.00
90044;FXC_Day_0075;1000.00;0.00;0.00;0.00;0.00;0.00;0.00;0.00;0.00;1000.00
90045;FXC_Day_0076;1000.00;0.00;0.00;0.00;0.00;0.00;0.00;0.00;0.00;1000.00
90046;FXC_Day_0077;1000.00;0.00;0.00;0.00;0.00;0.00;0.00;0.00;0.00;1000.00
90047;FXC_Day_0078;1000.00;0.00;0.00;0.00;0.00;0.00;0.00;0.00;0.00;1000.00
90048;FXC_Day_0079;1000.00;0.00;0.00;0.00;0.00;0.00;0.00;0.00;0.00;1000.00
90049;FXC_Day_0080;1000.00;0.00;0.00;0.00;0.00;0.00;0.00;0.00;0.00;1000.00
90050;FXC_Day_0081;1000.00;0.00;0.00;0.00;0.00;0.00;0.00;0.00;0.00;1000.00
90051;FXC_Day_0082;1000.00;0.00;0.00;0.00;0.00;0.00;0.00;0.00;0.00;1000.00
90052;FXC_Day_0083;1000.00;0.00;0.00;0.00;0.00;0.00;0.00;0.00;0.00;1000.00
90053;FXC_Day_0084;1000.00;0.00;0.00;0.00;0.00;0.00;0.00;0.00;0.00;1000.00
90054;FXC_Day_0085;1000.00;0.00;0.00;0.00;0.00;0.00;0.00;0.00;0.00;1000.00
90055;FXC_Day_0086;1000.00;0.00;0.00;0.00;0.00;0.00;0.00;0.00;0.00;1000.00
90056;FXC_Day_0087;1000.00;0.00;0.00;0.00;0.00;0.00;0.00;0.00;0.00;1000.00
90057;FXC_Day_0088;1000.00;0.00;0.00;0.00;0.00;0.00;0.00;0.00;0.00;1000.00
90058;FXC_Day_0089;1000.00;0.00;0.00;0.00;0.00;0.00;0.00;0.00;0.00;1000.00
90059;FXC_Day_0090;1000.00;0.00;0.00;0.00;0.00;0.00;0.00;0.00;0.00;1000.00
90060;FXC_Day_0091;1000.00;0.00;0.00;0.00;0.00;0.00;0.00;0.00;0.00;1000.00
90061;FXC_Day_0092;1000.00;0.00;0.00;0.00;0.00;0.00;0.00;0.00;0.00;1000.00
90062;FXC_Day_0093;1000.00;0.00;0.00;0.00;0.00;0.00;0.00;0.00;0.00;1000.00
90063;FXC_Day_0094;1000.00;0.00;0.00;0.00;0.00;0.00;0.00;0.00;0.00;1000.00
90064;FXC_Day_0095;1000.00;0.00;0.00;0.00;0.00;0.00;0.00;0.00;0.00;1000.00
90065;FXC_Day_0096;1000.00;0.00;0.00;0.00;0.00;0.00;0.00;0.00;0.00;1000.00
90066;FXC_Day_0097;1000.00;0.00;0.00;0.00;0.00;0.00;0.00;0.00;0.00;1000.00
90067;FXC_Day_0098;1000.00;0.00;0.00;0.00;0.00;0.00;0.00;0.00;0.00;1000.00
90068;FXC_Day_0099;1000.00;0.00;0.00;0.00;0.00;0.00;0.00;0.00;0.00;1000.00
90069;FXC_Day_0100;1000.00;0.00;0.00;0.00;0.00;0.00;0.00;0.00;0.00;1000.00
90070;FXC_Day_0101;1000.00;0.00;0.00;0.00;0.00;0.00;0.00;0.00;0.00;1000.00
90071;FXC_Day_0102;1000.00;0.00;0.00;0.00;0.00;0.00;0.00;0.00;0.00;1000.00
90072;FXC_Day_0103;1000.00;0.00;0.00;0.00;0.00;0.00;0.00;0.00;0.00;1000.00
90073;FXC_Day_0104;1000.00;0.00;0.00;0.00;0.00;0.00;0.00;0.00;0.00;1000.00
90074;FXC_Day_0105;1000.00;0.00;0.00;0.00;0.00;0.00;0.00;0.00;0.00;1000.00
90075;FXC_Day_0106;1000.00;0.00;0.00;0.00;0.00;0.00;0.00;0.00;0.00;1000.00
90076;FXC_Day_0107;1000.00;0.00;0.00;0.00;0.00;0.00;0.00;0.00;0.00;1000.00
90077;FXC_Day_0108;1000.00;0.00;0.00;0.00;0.00;0.00;0.00;0.00;0.00;1000.00
90078;FXC_Day_0109;1000.00;0.00;0.00;0.00;0.00;0.00;0.00;0.00;0.00;1000.00
90079;FXC_Day_0110;1000.00;0.00;0.00;0.00;0.00;0.00;0.00;0.00;0.00;1000.00
90080;FXC_Day_0111;1000.00;0.00;0.00;0.00;0.00;0.00;0.00;0.00;0.00;1000.00
90081;FXC_Day_0112;1000.00;0.00;0.00;0.00;0.00;0.00;0.00;0.00;0.00;1000.00
90082;FXC_Day_0113;1000.00;0.00;0.00;0.00;0.00;0.00;0.00;0.00;0.00;1000.00
90083;FXC_Day_0114;1000.00;0.00;0.00;0.00;0.00;0.00;0.00;0.00;0.00;1000.00
90084;FXC_Day_0115;1000.00;0.00;0.00;0.00;0.00;0.00;0.00;0.00;0.00;1000.00
90085;FXC_Day_0116;1000.00;0.00;0.00;0.00;0.00;0.00;0.00;0.00;0.00;1000.00
90086;FXC_Day_0117;1000.00;0.00;0.00;0.00;0.00;0.00;0.00;0.00;0.00;1000.00
90087;FXC_Day_0118;1000.00;0.00;0.00;0.00;0.00;0.00;0.00;0.00;0.00;1000.00
90088;FXC_Day_0119;1000.00;0.00;0.00;0.00;0.00;0.00;0.00;0.00;0.00;1000.00
90089;FXC_Day_0120;1000.00;0.00;0.00;0.00;0.00;0.00;0.00;0.00;0.00;1000.00
90090;FXC_Day_0121;1000.00;0.00;0.00;0.00;0.00;0.00;0.00;0.00;0.00;1000.00
90091;FXC_Day_0122;1000.00;0.00;0.00;0.00;0.00;0.00;0.00;0.00;0.00;1000.00
90092;FXC_Day_0123;1000.00;0.00;0.00;0.00;0.00;0.00;0.00;0.00;0.00;1000.00
90093;FXC_Day_0124;1000.00;0.00;0.00;0.00;0.00;0.00;0.00;0.00;0.00;1000.00
90094;FXC_Day_0125;1000.00;0.00;0.00;0.00;0.00;0.00;0.00;0.00;0.00;1000.00
90095;FXC_Day_0126;1000.00;0.00;0.00;0.00;0.00;0.00;0.00;0.00;0.00;1000.00
90096;FXC_Day_0127;1000.00;0.00;0.00;0.00;0.00;0.00;0.00;0.00;0.00;1000.00
90097;FXC_Day_0128;1000.00;0.00;0.00;0.00;0.00;0.00;0.00;0.00;0.00;1000.00
90098;FXC_Day_0129;1000.00;0.00;0.00;0.00;0.00;0.00;0.00;0.00;0.00;1000.00
90099;FXC_Day_0130;1000.00;0.00;0.00;0.00;0.00;0.00;0.00;0.00;0.00;1000.00
90100;FXC_Day_0131;1000.00;0.00;0.00;0.00;0.00;0.00;0.00;0.00;0.00;1000.00
90101;FXC_Day_0132;1000.00;0.00;0.00;0.00;0.00;0.00;0.00;0.00;0.00;1000.00
90102;FXC_Day_0133;1000.00;0.00;0.00;0.00;0.00;0.00;0.00;0.00;0.00;1000.00
90103;FXC_Day_0134;1000.00;0.00;0.00;0.00;0.00;0.00;0.00;0.00;0.00;1000.00
90104;FXC_Day_0135;1000.00;0.00;0.00;0.00;0.00;0.00;0.00;0.00;0.00;1000.00
90105;FXC_Day_0136;1000.00;0.00;0.00;0.00;0.00;0.00;0.00;0.00;0.00;1000.00
90106;FXC_Day_0137;1000.00;0.00;0.00;0.00;0.00;0.00;0.00;0.00;0.00;1000.00
90107;FXC_Day_0138;1000.00;0.00;0.00;0.00;0.00;0.00;0.00;0.00;0.00;1000.00
90108;FXC_Day_0139;1000.00;0.00;0.00;0.00;0.00;0.00;0.00;0.00;0.00;1000.00
90109;FXC_Day_0140;1000.00;0.00;0.00;0.00;0.00;0.00;0.00;0.00;0.00;1000.00
99999;The Last;1000.00;0.00;0.00;0.00;0.00;0.00;0.00;0.00;0.00;1000.00